Norrhart_Domains = [
    (14436.5, -3939.2),    (11175.6, -1605.3),    (15157.2, -892.0),
    (14254.4, 3017.2),    (10208.5, 2678.9),    (6190.8, 2436.2),
    (2520.7, 665.7),    (-906.0, 2797.3),    (-2994.6, 6264.0),
    (-4837.3, 9821.1),    (-5767.0, 13742.6),    (-2622.1, 11228.6),
    (1442.3, 11209.4),    (5489.8, 11283.7),    (9490.7, 11681.0),
    (9350.0, 15689.2),    (5439.8, 14563.9),    (1436.2, 14191.2),
    (5472.9, 14641.8),    (9362.9, 15709.0),    (12724.9, 13484.1),
    (16328.3, 15250.4),    (20328.6, 15592.0),    (24229.7, 14634.4),
    (20973.5, 12276.6),    (24171.9, 9850.6),    (20291.9, 8845.0),
    (17673, 6851),    (22029.5, 5200.6),    (23281.7, 1356.9),
    (19738.3, -516.5),    (15833.3, -1619.2),    (13042.3, -4503.4),
    (10037.6, -7192.7),    (10148.6, -11248.4),    (6150.4, -11377.3),
    (4465.1, -7682.1),    (1410.6, -5032.5),    (-2601.0, -4861.1),
    (-2436.2, -8897.1),    (-2354.8, -12898.2),    (-6300.7, -12073.5),
    (-10303.7, -11509.2),    (-12415.1, -8097.3),    (-9246.4, -5575.6),
    (-12714.3, -7613.3),    (-15950.3, -10050.2),    (-19705.5, -8614.7),
    (-21137.4, -4867.1),    (-20917.9, -833.1),    (-17321.0, -2606.2),
    (-19618.0, 701.6),    (-22918.2, 3035.0),    (-23893.2, 6969.3),
    (-19885.4, 7261.8),    (-16461.4, 9371.5),    (-15041.8, 5624.6),
    (-11005.5, 6042.4),    (-10140.7, 2129.9),    (-6083.7, 2189.7),
    (-6294.7, 6210.6),    (-7303.5, 10147.3),    (-6273, 12424),
    (-10678.8, 12344.9),    (-14499.5, 13540.4),    (-18315.9, 14948.4),
    (-20243.5, 11437.6),    (-24172.3, 10482.7),
]

Norrhart_Domains_outpost_path = [(18208, -6816), (15300, -6500)]

Norrhart_Domains_ids = {
    "outpost_id": 644,
    "map_id": 548
}

# exit to next map (-26000, -12250)
